0 0 0 9.21136e-05 -7.92093e-23 -0.000107157 0.000290807 -1.09674e-22 -0.000148371 0.000521895 -1.15767e-22 -0.000156614
0 0 0 0.000458882 2.8452e-05 -0.000526965 0.00144002 4.00881e-05 -0.000730146 0.00257295 4.20273e-05 -0.000764502
0 0 0 0.000730248 5.63933e-05 -0.000855808 0.00230665 7.75094e-05 -0.00117556 0.0041266 8.09407e-05 -0.00122757
0 0 0 0.000972348 7.51489e-05 -0.00113954 0.00307014 0.000103174 -0.00156358 0.00548915 0.000107601 -0.00163049
0 0 0 0.00121478 9.37705e-05 -0.00142335 0.00383413 0.000128672 -0.00195165 0.00685226 0.000134083 -0.00203343
0 0 0 0.0014575 0.000112374 -0.00170747 0.00459891 0.00015415 -0.00234007 0.00821671 0.000160544 -0.00243673
0 0 0 0.00170051 0.00013096 -0.00199189 0.0053645 0.000179608 -0.00272885 0.00958248 0.000186986 -0.00284038
0 0 0 0.00194381 0.000149528 -0.00227663 0.00613089 0.000205046 -0.00311798 0.0109496 0.000213407 -0.00324439
0 0 0 0.00218742 0.000168079 -0.00256168 0.00689809 0.000230464 -0.00350747 0.0123181 0.000239808 -0.00364876
0 0 0 0.00243132 0.000186612 -0.00284705 0.00766613 0.000255861 -0.00389732 0.0136879 0.000266189 -0.00405349
